893925
0


894343
0


894342
0


253796
0


613725
0


894245
0


585863
0


893926
0


894512
0


894511
0


581959
0


252544
0


581962
0


307174
0


540523
0


235330
0


895097
0


581963
0


581964
0


307171
0


606965
0


454837
0


454818
0


568502
0


299730
0


454836
0


858588
0


552848
0


892831
0


229092
0


383071
0


383102
0


894398
0


422979
0


420719
0


231014
0


267008
0


279269
0


297692
0


894356
0


580336
0


8630
0


623198
0


408124
0


333157
0


415485
0


415123
0


332109
0


333724
0


333725
0


893754
0


894259
0


931329
0


894277
0


894276
0


243640
0


621741
0


427121
0


886274
0


235365
0


294842
0


624292
0


415121
0


415120
0


330395
0


333721
0


333723
0


440037
0


603843
0


894486
0


262152
0


55271
0


240953
0


533110
0


915760
0


327035
0


268570
0


242747
0


856419
0


89295
0


852803
0


369719
0


893756
0


418580
0


894323
0


893757
0


267007
0


271504
0


509806
0


618512
0


943086
0


77691
0


996076
0


437345
0


158804
0


852182
0


423463
0


543903
0


853251
0


853249
0


547428
0


547152
0


858656
0


894499
0


969022
0


595849
0


894500
0


894275
0


357167
0


870515
0


870514
0


564715
0


